ZfeqjBR 304.6918064585139 114.47202232651517 0.22566923470866584 
dkmBzwu 263.68698278630694 225.28417773317284 2.793918670616118 
qHyBXci 135.95506491211586 374.43851893454274 1.6734891540016483 
ADUPeOY 224.1442921826798 236.83335575973118 3.2023704196346254 
DyImpRa 329.12058297922056 373.35110092272015 3.9651183735027202 
xxOhbbh 176.26756185218028 140.12008150104842 4.963718812343728 
RkGNqSu 232.7499023509714 173.7431452234774 1.6714935883107518 
sxnMZfD 99.82928768680632 181.10821341651894 4.4709606964716215 
bkoYFaU 200.52055895325535 372.8221668565355 0.7014470780276644 
tdnnjPC 67.10141877632108 356.2794304497249 2.134236030620947 
aAJduRn 97.82081280478985 12.430755272931382 3.1468286728042445 
tuKxlKt 91.44742621017636 141.16442596323728 2.0917909281271525 
qwQrXat 376.15158468766845 172.914727437713 0.12797418227046775 
oVDRDaV 276.97917220841185 236.85595436227436 1.459096401140409 
LquaRHU 315.11060411878384 74.60084348717193 1.670520119651674 
pviyPDt 157.58560937721106 248.46524927327164 3.8417971584350505 
tyMOmPq 287.83470042914695 205.98670149501243 3.3390914337459727 
lVRjedh 339.5468390230357 270.03566313182284 0.7412091145289468 
QSKVBrO 373.8467618326445 316.7223035842944 2.457351374907941 
OapqEIt 78.17266514873072 357.74431751056915 1.622532678215141 
hADIzdV 18.686465956588094 336.6269074386806 2.198652950324642 
RRdHIyw 229.7007662726703 250.3336328968885 3.4074953015711795 
imPdDzY 270.93994208516403 220.51991173632524 4.037471313449293 
bKqhOPG 378.9844019794315 227.67275384864342 2.012269177227846 
rELgfby 49.649087904230484 27.547235079873246 4.584504013029457 
